trial_id,pt_test_acc,pt_gaussian_accuracy,pt_deepfool_accuracy,tf_test_acc,tf_gaussian_accuracy,tf_deepfool_accuracy,pt_converged_bool,pt_converged_average,tf_converged_bool,tf_converged_average,average_res,tf_training_loss,tf_validation_loss,tf_validation_acc,pt_training_loss,pt_validation_loss,pt_validation_acc,time_this_iter_s,done,timesteps_total,episodes_total,training_iteration,experiment_id,date,timestamp,time_total_s,pid,hostname,node_ip,time_since_restore,timesteps_since_restore,iterations_since_restore,experiment_tag,config.learning_rate,config.dropout,config.batch_size,config.adam_epsilon,config.epochs,config.wandb.project,config.wandb.api_key
512a6464,0.5644397884607315,0.5623947239617613,0.387761616408395,0.8857429027557373,0.8853082744161465,0.5943072306927797,True,0.03610003491242727,True,0.008059468534257676,0.2835874263445919,"[1.7747340202331543, 0.916527509689331, 0.7358458042144775, 0.6609417200088501, 0.6059130430221558, 0.5543100237846375, 0.5259755849838257, 0.4972822070121765, 0.47924092411994934, 0.47250887751579285, 0.43993157148361206, 0.42859530448913574, 0.4133455157279968, 0.40534383058547974, 0.3911188244819641, 0.39762941002845764, 0.37247705459594727, 0.36669328808784485, 0.35497358441352844, 0.36076924204826355, 0.33912476897239685, 0.3413108289241791, 0.33051368594169617, 0.32857778668403625, 0.32513427734375, 0.3101920485496521, 0.32080283761024475, 0.30671608448028564, 0.3007377088069916, 0.3016911745071411, 0.31641948223114014, 0.28172338008880615, 0.2814822494983673, 0.27846646308898926, 0.2779502272605896, 0.26848649978637695, 0.3742150068283081, 0.2648985683917999, 0.2567022144794464, 0.2501920759677887, 0.25693216919898987, 0.2467646300792694, 0.237669438123703, 0.24449342489242554, 0.8351616859436035, 0.43107888102531433, 0.3126847445964813, 0.2855682671070099, 0.2652072608470917, 0.2575460970401764, 0.2473786622285843, 0.24595236778259277, 0.23240302503108978, 0.25796979665756226, 0.22941425442695618, 0.21703216433525085, 0.21493178606033325, 0.20993541181087494, 0.20215344429016113, 0.198882058262825, 0.204496830701828, 0.19679376482963562, 0.19093503057956696, 0.18908967077732086, 0.1822405308485031, 0.1788986623287201, 0.19308458268642426, 0.17561843991279602, 0.8607339262962341, 0.34463104605674744, 0.279776930809021, 0.24005253612995148, 0.2282560169696808, 0.21447835862636566, 0.2050752490758896, 0.19279608130455017, 0.19766870141029358, 0.18274615705013275, 0.2440420687198639]","[1.1309435367584229, 0.721169114112854, 0.6116111874580383, 0.6404680609703064, 0.5284829139709473, 0.5245383977890015, 0.5218634605407715, 0.5052021741867065, 0.46404963731765747, 0.44866058230400085, 0.4709862768650055, 0.44879215955734253, 0.42529547214508057, 0.3972238004207611, 0.38408133387565613, 0.389335572719574, 0.40614017844200134, 0.37014007568359375, 0.36743253469467163, 0.3653741776943207, 0.3815811574459076, 0.35544633865356445, 0.35056841373443604, 0.41454213857650757, 0.3530186414718628, 0.35583236813545227, 0.3580852150917053, 0.34434422850608826, 0.33731773495674133, 0.3464416265487671, 0.3506656289100647, 0.3591778576374054, 0.4111691117286682, 0.3550971746444702, 0.36680835485458374, 0.4263686239719391, 0.34908077120780945, 0.32674288749694824, 0.3313392698764801, 0.33180058002471924, 0.32253172993659973, 0.3389347195625305, 0.32094675302505493, 0.336710661649704, 0.593907356262207, 0.3811543583869934, 0.34194135665893555, 0.35038936138153076, 0.32903850078582764, 0.376078724861145, 0.32540974020957947, 0.32572320103645325, 0.3298852741718292, 0.34709423780441284, 0.34384533762931824, 0.3590972423553467, 0.3381170332431793, 0.3205854594707489, 0.3839247226715088, 0.33772093057632446, 0.33717843890190125, 0.37019994854927063, 0.3238808810710907, 0.34293004870414734, 0.3760104477405548, 0.3354944884777069, 0.3552927076816559, 0.34743502736091614, 0.4500325620174408, 0.3674985468387604, 0.3337278664112091, 0.328267902135849, 0.3480142652988434, 0.36364853382110596, 0.3365544378757477, 0.35409125685691833, 0.3858112096786499, 0.37913042306900024, 0.3372306525707245]","[0.5922039151191711, 0.7088598608970642, 0.7649746537208557, 0.7434853911399841, 0.7989576458930969, 0.8062397241592407, 0.8063111305236816, 0.8117370009422302, 0.8285143375396729, 0.837367057800293, 0.8278003931045532, 0.8376526236534119, 0.8430784344673157, 0.8554294109344482, 0.8597843647003174, 0.8577139973640442, 0.8473620414733887, 0.8659955859184265, 0.8642107248306274, 0.8660669922828674, 0.8579995632171631, 0.869636595249176, 0.8727778792381287, 0.8458628058433533, 0.8707789182662964, 0.8704933524131775, 0.8702077269554138, 0.8758478164672852, 0.8754908442497253, 0.8717783689498901, 0.8692796230316162, 0.8717783689498901, 0.8476476073265076, 0.8685657382011414, 0.8628543019294739, 0.8508602976799011, 0.8722067475318909, 0.8807739019393921, 0.8809166550636292, 0.8778467774391174, 0.8829156756401062, 0.8800599575042725, 0.8856286406517029, 0.8785607218742371, 0.8056685924530029, 0.8603555560112, 0.8769186735153198, 0.87213534116745, 0.8824873566627502, 0.8632826209068298, 0.8847718834877014, 0.8840579986572266, 0.8842007517814636, 0.8758478164672852, 0.8771328330039978, 0.8740629553794861, 0.8839151859283447, 0.8880559802055359, 0.8657100200653076, 0.8807024955749512, 0.8822731375694275, 0.8730634450912476, 0.8911972641944885, 0.8842721581459045, 0.8711358308792114, 0.8860569596290588, 0.8770614862442017, 0.8880559802055359, 0.8329406976699829, 0.8681373596191406, 0.8831298351287842, 0.885557234287262, 0.8799172043800354, 0.8749910593032837, 0.8836296200752258, 0.8814878463745117, 0.8662097454071045, 0.8752052783966064, 0.8847004771232605]","[2.3025980128182306, 2.302565504003454, 2.302629444334242, 2.3024944022849754, 2.3024802561159485, 2.302477894005952, 2.3024745252397327, 2.302432311905755, 2.302327928719697, 2.3023312356736927, 2.302261365784539, 2.302335756796378, 2.3021841005042747, 2.302050643497043, 2.3020066817601523, 2.301916736143607, 2.3017703736269914, 2.3015563223097057, 2.3012775006117643, 2.300934045403092, 2.300421454288341, 2.2997611319577254, 2.298282327475371, 2.2957131730185614, 2.289707797544974, 2.2709470325046115, 2.1829188223238343, 1.931155182697155, 1.850196502826832, 1.819498552216424, 1.696091404667607, 1.601331600436458, 1.4370784362157185, 1.3181836229783517, 1.2383573585086398, 1.1827489270104303, 1.1628788268124615, 1.1068239874309964, 1.0695905619197421, 1.0530702957400568, 0.9635148225007234, 0.9245790243148804, 0.8906788991557227, 0.8807966852629626, 0.8391708654386026, 0.8681008727462204, 0.7722427988493884, 0.8379550289224695, 0.7278349697589874, 0.7706730156033127, 0.6807285878393385, 0.699182512583556, 0.6428135324407507, 0.6662797883704856, 0.6013049781322479, 0.5937937453941062, 0.5831539200411903, 0.5607115725676218, 0.5541092720296648, 0.5375089948927915, 0.5298139795109078, 0.5226495177657516, 0.4959003080924352, 0.49504243830839795, 0.4763850619395574, 0.7166807982656691, 0.47174941775975404, 0.45840561224354637, 0.44911205934153664, 0.438307398447284, 0.43400590784019893, 0.42998679754910646, 0.43098230108066843, 0.4147385800326312, 0.40941715295668, 0.41482590083722715, 0.39037521680196124, 0.3953397825912193, 1.232038453221321]","[2.3026367127895355, 2.302622005343437, 2.302610903978348, 2.302590847015381, 2.302566349506378, 2.3025379329919815, 2.302505448460579, 2.3024639040231705, 2.302419885993004, 2.3023691624403, 2.302309989929199, 2.302244782447815, 2.3021628707647324, 2.302063822746277, 2.301944822072983, 2.301792696118355, 2.30160591006279, 2.3013704121112823, 2.301033243536949, 2.300551190972328, 2.299831196665764, 2.2987053841352463, 2.2966669648885727, 2.2925391644239426, 2.281947150826454, 2.243922084569931, 2.0575996339321136, 1.745999813079834, 1.5830470025539398, 1.5482477992773056, 1.5892675071954727, 1.4092409908771515, 2.1850540190935135, 1.2687135189771652, 1.2465795353055, 1.0136146806180477, 0.999907698482275, 0.9569855704903603, 0.9632302634418011, 1.0350190363824368, 0.8832555636763573, 0.8550586402416229, 0.8230826929211617, 0.8040332943201065, 0.7786691151559353, 0.7701872661709785, 0.761012677103281, 0.728642676025629, 0.7083341479301453, 0.6761902682483196, 0.6428190805017948, 0.7116832435131073, 0.6048395559191704, 0.620911318808794, 0.5797578170895576, 0.56299202516675, 0.5863721929490566, 0.5919902734458447, 0.5254688393324614, 0.5346007868647575, 0.49982185289263725, 0.5170708578079939, 0.47898465022444725, 0.4958753567188978, 0.47302122972905636, 0.4900618977844715, 0.46341479010879993, 0.45022648945450783, 0.44339532032608986, 0.4353481698781252, 0.44091290421783924, 0.42453660629689693, 0.4297821447253227, 0.4209355842322111, 0.412746736779809, 0.4116667080670595, 0.4006395824253559, 0.418355293571949, 1.1087149307131767]","[0.09627369046211243, 0.09627369046211243, 0.09627369046211243, 0.09627369046211243, 0.09627369046211243, 0.09627369046211243, 0.09627369046211243, 0.09627369046211243, 0.09627369046211243, 0.09627369046211243, 0.09627369046211243, 0.09627369046211243, 0.09627369046211243, 0.09627369046211243, 0.09627369046211243, 0.09627369046211243, 0.09627369046211243, 0.09627369046211243, 0.09976875642314553, 0.14226093515753746, 0.173142503015697, 0.18248782772570848, 0.18902339413762093, 0.19183315057307482, 0.194422859698534, 0.1972470786422491, 0.19820650946348906, 0.27159157302230597, 0.3977767135947943, 0.38904816657304764, 0.34141995571553707, 0.458757720887661, 0.2945562731474638, 0.4630676079541445, 0.41042597219347954, 0.5633236281573772, 0.576268382370472, 0.6033920757472515, 0.6191862113773823, 0.5953702181577682, 0.6553591042757034, 0.6661473400890827, 0.6776026636362076, 0.6888379231095314, 0.7023057788610458, 0.6927837803959846, 0.7007081881165504, 0.7156944125890732, 0.7291264310479164, 0.7413211278617382, 0.7546412274241447, 0.7348289340734482, 0.7651371099054813, 0.7650038227438927, 0.7709911428391933, 0.7800044976174831, 0.7557521760463715, 0.7481452710926533, 0.7932416163384914, 0.7848161086440086, 0.8024354241788387, 0.8046717830002308, 0.8141252398490906, 0.8111425973474979, 0.8190412260591984, 0.816289309412241, 0.8288121931254864, 0.8368409723043442, 0.8407183028757572, 0.8433117866516113, 0.8428031429648399, 0.8500529453158379, 0.8461466915905476, 0.8514631576836109, 0.8519284166395664, 0.8545036613941193, 0.8585180565714836, 0.8451294153928757, 0.5576538071036339]",0.0331730842590332,True,,,2,649737514f4f443faea16235fd56e85c,2021-01-27_22-13-23,1611785603,657.8816123008728,202982,thetagpu02,140.221.68.12,657.8816123008728,0,2,"1_adam_epsilon=0.90453,batch_size=912,dropout=0.4749,epochs=79,learning_rate=0.037053,api_key=b24709b3f0a9bf7eae4f3a30280c90cd38d1d5f7,project=rms_fashion_exp3",0.03705279493378479,0.4748994835768224,912,0.9045323376947552,79,rms_fashion_exp3,b24709b3f0a9bf7eae4f3a30280c90cd38d1d5f7
5132cae6,0.8432268991189844,0.8424554643087239,0.5749389070804505,0.8903188705444336,0.8902134603899744,0.5954961661828824,True,0.02002166708310445,True,0.0012295444806416829,0.03846907553637724,"[1.4565143585205078, 0.6773644685745239, 0.5592130422592163, 0.4975689947605133, 0.455096036195755, 0.41639244556427, 0.3905733823776245, 0.381374329328537, 0.3574446439743042, 0.33868104219436646, 0.3266755938529968, 0.3207606077194214, 0.3045298457145691, 0.2919725775718689, 0.28244614601135254, 0.8693055510520935, 0.4056795537471771, 0.33519524335861206, 0.30194830894470215, 0.28422239422798157, 0.2719314694404602, 0.2660803496837616, 0.25100457668304443, 0.2409111112356186, 0.25376343727111816, 0.22158879041671753, 0.2123105525970459, 0.20672988891601562, 0.20248490571975708, 0.19244834780693054, 0.18426811695098877, 0.5581641793251038, 0.24508965015411377, 0.21819859743118286, 0.18171875178813934, 0.16968807578086853, 0.15986013412475586, 0.19568587839603424, 0.14337991178035736, 0.14308440685272217, 0.14106547832489014, 0.11738162487745285, 0.14882907271385193, 0.12430637329816818, 0.10388310253620148, 0.10133536159992218, 0.09129799902439117, 0.13032184541225433, 0.12196539342403412, 0.08640945702791214, 0.061368562281131744, 0.08744268119335175, 0.06293448805809021, 0.06164403632283211, 0.05433346703648567, 0.17220772802829742, 0.03869865834712982, 0.1330329179763794, 0.04290052875876427, 0.05382296442985535, 0.021255191415548325, 0.10017354041337967, 0.05298192799091339, 0.03754034638404846, 0.03161405026912689, 0.01142700295895338, 0.09517539292573929, 0.04294145107269287, 0.010931423865258694, 0.007049139589071274, 0.005792057141661644]","[0.6874592900276184, 0.565258264541626, 0.5114033818244934, 0.46950453519821167, 0.4286121726036072, 0.4093862771987915, 0.40446415543556213, 0.46160244941711426, 0.3974841833114624, 0.3890981674194336, 0.36774691939353943, 0.36455902457237244, 0.3536699712276459, 0.3903224468231201, 0.3997257649898529, 0.5920038819313049, 0.3815613090991974, 0.35370028018951416, 0.35740557312965393, 0.3702806532382965, 0.3584720194339752, 0.32619762420654297, 0.3361223638057709, 0.32747378945350647, 0.3215433955192566, 0.32542306184768677, 0.32996848225593567, 0.35547032952308655, 0.34383437037467957, 0.33620452880859375, 0.3707490563392639, 0.3537459373474121, 0.33887577056884766, 0.3366781175136566, 0.36342230439186096, 0.34537774324417114, 0.3646298348903656, 0.32875698804855347, 0.37488970160484314, 0.3561628758907318, 0.3339839279651642, 0.3819979727268219, 0.34186503291130066, 0.3455244302749634, 0.3706746995449066, 0.36118486523628235, 0.3877411186695099, 0.3616279661655426, 0.36493808031082153, 0.3869190812110901, 0.38791921734809875, 0.3959742486476898, 0.398454487323761, 0.40441733598709106, 0.4115454852581024, 0.5945905447006226, 0.4177200198173523, 0.4197079539299011, 0.41902416944503784, 0.43064960837364197, 0.4499160647392273, 0.4237293601036072, 0.45499923825263977, 0.46018195152282715, 0.463835746049881, 0.48285815119743347, 0.4431019723415375, 0.4777129292488098, 0.49910786747932434, 0.5156510472297668, 0.5357329249382019]","[0.7359891533851624, 0.7847504615783691, 0.8064539432525635, 0.8316556215286255, 0.8448632955551147, 0.8520739674568176, 0.853787362575531, 0.8369386792182922, 0.8555008172988892, 0.8581423759460449, 0.8677803874015808, 0.8666381239891052, 0.871707022190094, 0.8565717339515686, 0.8544299006462097, 0.7835367918014526, 0.8624259233474731, 0.87213534116745, 0.8719925880432129, 0.8679945468902588, 0.8720639944076538, 0.8814878463745117, 0.8807739019393921, 0.8854144215583801, 0.8847718834877014, 0.8861283659934998, 0.8861283659934998, 0.8730634450912476, 0.8814164400100708, 0.8847004771232605, 0.8695651888847351, 0.8737059831619263, 0.8807739019393921, 0.8845577239990234, 0.8783465623855591, 0.8852002620697021, 0.8760619759559631, 0.8886985182762146, 0.8799885511398315, 0.8837723731994629, 0.8910544514656067, 0.8806310892105103, 0.8907688856124878, 0.8929820656776428, 0.8864853382110596, 0.8925537467002869, 0.8846291303634644, 0.892625093460083, 0.8941243886947632, 0.892625093460083, 0.89019775390625, 0.8910544514656067, 0.8919112086296082, 0.8930534720420837, 0.8913400173187256, 0.8540729880332947, 0.890411913394928, 0.8913400173187256, 0.892196774482727, 0.8918398022651672, 0.8944813013076782, 0.8904833197593689, 0.892196774482727, 0.892625093460083, 0.892625093460083, 0.8918398022651672, 0.8885557055473328, 0.8911972641944885, 0.892268180847168, 0.8933390378952026, 0.8932676315307617]","[2.3026339320813194, 2.3025309433371333, 2.3024510872566095, 2.3024160478074673, 2.3022963253118225, 2.302143086821346, 2.301964044570923, 2.301732511843665, 2.3013153500476125, 2.3005337896993603, 2.2987057394900563, 2.292587575265917, 2.242139733443826, 1.9081254066047022, 1.6899698922189617, 1.5386426428617057, 1.2967522962618683, 1.1747536527908455, 1.0748923360291174, 1.0030093253669092, 0.9255694974276979, 0.9086515883267936, 0.8077947345830626, 0.7913897689116203, 0.7339065130484306, 0.693944056155318, 0.6523478768639646, 0.609466441101947, 0.5783180768712092, 0.5506493279994544, 0.5266012198339074, 0.5043065727262174, 0.48536105352943226, 0.4696233747369152, 0.453576059159586, 0.43891002894458125, 0.4269830319335905, 0.41484974299447014, 0.40596170773950674, 0.3938437235557427, 0.5541533191325301, 0.3933258374868813, 0.37632889111163254, 0.3638702653727289, 0.3551487513517929, 0.3457062176223529, 0.3386400660215798, 0.32854998818898606, 0.3224676666876017, 0.318561655863867, 0.3079527199773465, 0.4206190172393443, 0.30399406259342776, 0.2955602166258683, 0.2868907608218112, 0.28765751029980385, 0.350128747649112, 0.2724736158625554, 0.26966343176061824, 0.2659911945209665, 0.2693335257344327, 0.2557071912086616, 0.2508046907388558, 0.2525407262777878, 0.24732384931738094, 0.2806569872013593, 0.2423421972889011, 0.24088493583060927, 0.2311102364022853, 0.25057547185885704, 0.22353495543791077]","[2.3026014005436615, 2.3025624331306007, 2.302500437287723, 2.3024199780295875, 2.3023103405447567, 2.302155193160562, 2.301935883129344, 2.3015888578751507, 2.3009854975868675, 2.2997977172627166, 2.2967734266729916, 2.2836719751358032, 2.12925691464368, 1.838696202811073, 1.5405412596814774, 1.195341201389537, 1.0929322663475485, 1.0204405276214374, 0.9703439947436837, 0.8946558500037474, 0.8491189111681545, 0.8346015530474046, 0.7551087298813988, 0.7409885104964761, 0.6749434997053707, 0.6510310909327339, 0.61445372244891, 0.6001224675599266, 0.558715927250245, 0.6070602623855367, 0.5682239769136205, 0.5679292354513618, 0.5473442507140777, 0.5035412232665455, 0.45827150081886964, 0.455034786287476, 0.4269194690620198, 0.41120410316130696, 0.40658481331432567, 0.4018651615170872, 0.427259640658603, 0.39567357827635374, 0.38535453817423654, 0.38013776523225445, 0.37963882088661194, 0.37128376697792725, 0.3749775106416029, 0.3684976214871687, 0.3691803707795985, 0.37603890808189616, 0.36256059828926535, 0.3583186198683346, 0.3555305389796986, 0.3490904788760578, 0.39026375377879424, 0.4139658379204133, 0.38162508957526264, 0.3735552281141281, 0.3535642895628424, 0.40707457854467277, 0.35182084230815663, 0.3700528013355592, 0.49249855122145486, 0.38128402829170227, 0.3609033384743859, 0.3773528328713249, 0.3641206779900719, 0.4097760065513499, 0.34055498855955463, 0.3529593874426449, 0.47694790976888995]","[0.09602045706089805, 0.09602045706089805, 0.09602045706089805, 0.09602045706089805, 0.09602045706089805, 0.09602045706089805, 0.09602045706089805, 0.09602045706089805, 0.11512511574170169, 0.1807713087867288, 0.19448802401037776, 0.19589866084211013, 0.19718973820700364, 0.1536810718038503, 0.33810196992229014, 0.5006580124883091, 0.535573835758602, 0.5712930384804221, 0.6092391522491679, 0.634887786472545, 0.6652620487353381, 0.6844217637005974, 0.7144588530063629, 0.7183320732677684, 0.7430302500724792, 0.7365137987277087, 0.7602185063502368, 0.7611569288898917, 0.7842818971942452, 0.7440761888728422, 0.7652202511534971, 0.7644074156003839, 0.7792956460924709, 0.8068150983137243, 0.8326202701119816, 0.8337212555548724, 0.8463309740318972, 0.8515503301339991, 0.8546812551863053, 0.8560703782474294, 0.8475300108685213, 0.858121824615142, 0.8607039767153123, 0.8642795892322764, 0.8632431188050438, 0.8667266982443192, 0.8669382964863497, 0.8679627372938044, 0.8699221400653615, 0.8659878390676835, 0.8715443751391243, 0.8701827631277197, 0.8750924625817467, 0.8773219620480257, 0.8652610200292924, 0.8505998674560996, 0.865797749337028, 0.871798971120049, 0.8792538432513967, 0.8586035090334275, 0.8800081891172072, 0.8714678199852214, 0.8275574708686155, 0.8701337330481586, 0.8742030753808863, 0.8664600603720721, 0.8778862129239475, 0.8647888039841372, 0.8808820983942818, 0.8773064788650063, 0.8396029191858628]",0.0852963924407959,True,,,2,e2a11da1d20446e79ab24b7c2059f29f,2021-01-27_22-10-28,1611785428,482.38242864608765,202915,thetagpu02,140.221.68.12,482.38242864608765,0,2,"2_adam_epsilon=0.54541,batch_size=417,dropout=0.16736,epochs=71,learning_rate=0.024024,api_key=b24709b3f0a9bf7eae4f3a30280c90cd38d1d5f7,project=rms_fashion_exp3",0.02402386430340808,0.16736321618126568,417,0.545410188658469,71,rms_fashion_exp3,b24709b3f0a9bf7eae4f3a30280c90cd38d1d5f7
5137ef76,0.8608734409014384,0.8605349847892222,0.5928937853107346,0.8928928971290588,0.8947001303780965,0.6012285093437636,True,0.02111482936978917,True,0.002736734019385444,0.024839775283174603,"[1.8244513273239136, 0.7956183552742004, 0.6434794068336487, 0.5544725656509399, 0.5090031027793884, 0.4723091423511505, 0.4390750229358673, 0.43007907271385193, 0.3942548334598541, 0.3781566619873047, 0.36315715312957764, 0.3522059917449951, 0.33568593859672546, 0.3277277946472168, 0.328434556722641, 0.3070797324180603, 0.3060954809188843, 0.30733630061149597, 0.2874843180179596, 0.28118985891342163, 0.27166861295700073, 0.2632749378681183, 0.2566808760166168, 1.1153039932250977, 0.4746158719062805, 0.3521917760372162, 0.317021906375885, 0.29479920864105225, 0.27909040451049805, 0.265354722738266, 0.28136903047561646, 0.24947716295719147, 0.23842841386795044, 0.2315918207168579, 0.2407255470752716, 0.44419124722480774, 0.2676173150539398, 0.21761874854564667, 0.20874308049678802, 0.19398164749145508, 0.1989608108997345, 0.19423256814479828, 0.18812131881713867, 0.16883353888988495, 0.16724422574043274, 0.17065659165382385, 0.15650582313537598, 0.23845107853412628, 0.15151230990886688, 0.1632797122001648, 0.14163687825202942, 0.13121619820594788, 0.1490965038537979, 0.11479510366916656, 0.1296270191669464, 0.16070909798145294, 0.10913974791765213, 0.09549122303724289, 0.10635785013437271, 0.1222732663154602, 0.1039188876748085, 0.0988612100481987, 0.09028951078653336]","[0.8238380551338196, 0.734311580657959, 0.5832683444023132, 0.49682238698005676, 0.609894335269928, 0.5015175938606262, 0.42448142170906067, 0.44533634185791016, 0.43839937448501587, 0.4306999742984772, 0.37933674454689026, 0.37415456771850586, 0.40896323323249817, 0.3711633086204529, 0.35991954803466797, 0.37607523798942566, 0.35106050968170166, 0.35840168595314026, 0.338352769613266, 0.34268414974212646, 0.34349310398101807, 0.3415500819683075, 0.3768501281738281, 0.6093724966049194, 0.42964181303977966, 0.3719435930252075, 0.34381866455078125, 0.336548388004303, 0.33672958612442017, 0.346005380153656, 0.328685998916626, 0.3429372310638428, 0.3475460112094879, 0.3220449388027191, 0.3308585286140442, 0.383579820394516, 0.32902246713638306, 0.34977293014526367, 0.32279258966445923, 0.3418909013271332, 0.31687793135643005, 0.31529203057289124, 0.31503021717071533, 0.32501330971717834, 0.3465268313884735, 0.32620349526405334, 0.3252696096897125, 0.31996259093284607, 0.3366866111755371, 0.33204638957977295, 0.3363594710826874, 0.33314913511276245, 0.33126285672187805, 0.34211888909339905, 0.347782701253891, 0.3359402120113373, 0.3475625813007355, 0.3614923357963562, 0.3753475248813629, 0.35769474506378174, 0.3606506586074829, 0.3681304156780243, 0.41100409626960754]","[0.666095495223999, 0.7198543548583984, 0.7736132144927979, 0.8154494166374207, 0.7671164274215698, 0.8133790493011475, 0.8460055589675903, 0.8336545825004578, 0.837295651435852, 0.8377953767776489, 0.8613550662994385, 0.862782895565033, 0.8506460785865784, 0.8612122535705566, 0.8680659532546997, 0.8599985837936401, 0.8719925880432129, 0.8682801723480225, 0.8752766251564026, 0.8744199275970459, 0.87213534116745, 0.8754194378852844, 0.860284149646759, 0.7656171917915344, 0.8410794734954834, 0.8653530478477478, 0.8777753710746765, 0.8782751560211182, 0.8792746663093567, 0.8759905695915222, 0.8816305994987488, 0.8751338720321655, 0.8754194378852844, 0.885557234287262, 0.8834154605865479, 0.8642107248306274, 0.8828442692756653, 0.8748483061790466, 0.8859142065048218, 0.8819875717163086, 0.8890554904937744, 0.8912686705589294, 0.8903405666351318, 0.8903405666351318, 0.878774881362915, 0.8906261324882507, 0.8919112086296082, 0.8913400173187256, 0.8884129524230957, 0.8939815759658813, 0.8930534720420837, 0.8931248784065247, 0.8913400173187256, 0.8944813013076782, 0.8913400173187256, 0.8921253681182861, 0.892410933971405, 0.8942671418190002, 0.8863425254821777, 0.8889840841293335, 0.8930534720420837, 0.8923395276069641, 0.8891268372535706]","[2.3026416120649893, 2.3025443584104126, 2.302494444424593, 2.3024023001707055, 2.302309561379348, 2.302194710019269, 2.301968855193899, 2.301707575592814, 2.301173759412162, 2.3000621614576895, 2.29695368114906, 2.278833941568302, 2.0589484187621103, 1.8968921688538563, 1.6892068823681603, 1.532434946374048, 1.3598329900186272, 1.188225667687911, 1.0836482364920121, 0.9859790424757366, 0.96041763658765, 0.8375409177587002, 0.7938763521894624, 0.7580606047111221, 0.7044711724112306, 0.7187847472444365, 0.6278601424603523, 0.6138934353484383, 0.5639973056467273, 0.5468194318723075, 0.5182288526734219, 0.5044329585153845, 0.6064324741122089, 0.4675326181363456, 0.4497119927708107, 0.4337813601463656, 0.42843578284299827, 0.413188372231737, 0.40375860846495326, 0.39878735285771044, 0.3847785705252539, 0.4040905410730386, 0.3683591160593154, 0.3585252973097789, 0.3519972449616541, 0.34577346791194963, 0.3367743394042872, 0.32920961478088473, 0.32688302744792985, 0.3205863548607766, 0.30539680753327625, 0.30588194369515287, 0.30720211320285556, 0.30565912361386455, 0.28993342722518534, 0.28715532678592054, 0.27386363095875027, 0.5918368665100653, 0.2993597940930837, 0.28284743937510476, 0.2740462641172771, 0.27063533343091795, 0.26017635117603255]","[2.3026025191597315, 2.302565160004989, 2.302502912023793, 2.3024154124052627, 2.302297488502834, 2.302123909411223, 2.301865038664445, 2.301449091538139, 2.300664455994316, 2.298862581667693, 2.2926636986110522, 2.2404669056768003, 1.8130175549051035, 1.7198863703271616, 1.5681454357893572, 1.2439052384832632, 1.3459775603335837, 1.4775408195412678, 1.0852736649305925, 0.8913391206575476, 0.8479026581930078, 0.7850442191828853, 0.7490073390628981, 0.7370619229648424, 0.7486037560131239, 0.7047524789105291, 0.6590900939443837, 0.6262959941573765, 0.6221373677253723, 0.5961910408476124, 0.5436506025169207, 0.5268937349319458, 0.5632934933123381, 0.49070163913395093, 0.47987868086151453, 0.5891280977622323, 0.4502735656240712, 0.4444687781126603, 0.47415932235510455, 0.42487961053848267, 0.4289769335933354, 0.4722732940445776, 0.44790484594262164, 0.4381101131439209, 0.39718659546064294, 0.4072513800600301, 0.3658869085104569, 0.4281338984551637, 0.39767831304798956, 0.41834813356399536, 0.4360614354195802, 0.38040072503297223, 0.37185297712035803, 0.3798644063265427, 0.3590597497380298, 0.39005159035972925, 0.3478796002657517, 0.44753551742304926, 0.34820782231247943, 0.35724675007488416, 0.37647078736968664, 0.342289827440096, 0.40585458796957263]","[0.09608553576728572, 0.09608553576728572, 0.09608553576728572, 0.09608553576728572, 0.09608553576728572, 0.09608553576728572, 0.09608553576728572, 0.09608553576728572, 0.13962551109168841, 0.1859196761380071, 0.19439715859682663, 0.19745802749758182, 0.2512257150981737, 0.24219955957454184, 0.31569372441457666, 0.4455516843692116, 0.43203870757766394, 0.3548922370309415, 0.5484957539516947, 0.6398191892582438, 0.6509701946507329, 0.6832706513612167, 0.6946604044541068, 0.6994904409284177, 0.7008912252343219, 0.7072327473889226, 0.7176374922627988, 0.7306572820829309, 0.7366794166357621, 0.7455648131992506, 0.7698146519453629, 0.7771095322526019, 0.7621624780737836, 0.807759360126827, 0.8172803210175555, 0.7738099150035692, 0.8307570296785106, 0.8354668902314227, 0.8179459286772687, 0.8434384802113408, 0.8395222503206005, 0.8209071936814681, 0.8307175092075182, 0.8346432032792465, 0.852918293165124, 0.8480787743692813, 0.8693879194881605, 0.8414210832637289, 0.8532566402269446, 0.8438258171081543, 0.8356566377308058, 0.8608598190805187, 0.865073253279147, 0.861138087251912, 0.873710432778234, 0.8549562511236771, 0.8754195234049922, 0.8303001212037128, 0.8741183540095454, 0.8723792278248331, 0.864636910998303, 0.8774179634840592, 0.8503744291222614]",0.027878522872924805,True,,,2,40f704bea22c4118926f1449b0a36ea7,2021-01-27_22-10-41,1611785441,496.03679728507996,202922,thetagpu02,140.221.68.12,496.03679728507996,0,2,"3_adam_epsilon=0.89755,batch_size=625,dropout=0.26999,epochs=63,learning_rate=0.050761,api_key=b24709b3f0a9bf7eae4f3a30280c90cd38d1d5f7,project=rms_fashion_exp3",0.05076055047241379,0.2699871594609698,625,0.8975492282353689,63,rms_fashion_exp3,b24709b3f0a9bf7eae4f3a30280c90cd38d1d5f7
513d0f4c,0.8888149037957191,0.888070604959722,0.6101560349301622,0.8851708769798279,0.8857413633594331,0.5940887808290272,True,0.004655328944877363,True,0.011557711495293511,0.007346840839105084,"[2.1252336502075195, 1.3301141262054443, 0.7990598082542419, 0.6466329097747803, 0.5878245830535889, 0.5390716791152954, 0.5003500580787659, 0.45956337451934814, 0.44209039211273193, 0.4109782874584198, 0.4014430046081543, 0.38495567440986633, 0.38026633858680725, 0.34888774156570435, 0.34883180260658264, 0.42267027497291565, 0.6817507743835449, 0.370709627866745, 0.3391406536102295, 0.3243236839771271, 0.33227652311325073, 0.30320701003074646, 0.29444533586502075, 0.28863760828971863, 0.2787247598171234, 0.27151772379875183, 0.26436373591423035, 0.29245972633361816, 0.2574825882911682, 0.2502610385417938, 0.2489244043827057, 0.23799531161785126, 0.24832312762737274, 2.6338086128234863, 1.8253480195999146, 1.2441771030426025, 0.7394564747810364, 0.5588550567626953, 0.4434018135070801, 0.408909410238266, 0.3739235997200012, 0.37064430117607117, 0.3305406868457794, 0.321707546710968, 0.3260044753551483, 0.2989272475242615, 0.29393354058265686, 0.28813639283180237, 0.2752293050289154, 0.2775862216949463, 0.26302799582481384, 0.257004976272583, 0.2513006329536438, 0.24190549552440643, 0.24171607196331024, 0.3350737392902374, 0.22865919768810272, 0.22605720162391663, 0.2214280664920807, 0.24992713332176208, 0.21105588972568512, 0.2034589648246765, 0.1968175768852234, 0.2022942304611206, 0.19050195813179016, 0.1820271611213684, 0.18910326063632965, 0.3579202890396118, 0.1986284703016281, 0.17301329970359802, 0.16510143876075745, 0.15726563334465027, 0.19294840097427368, 0.15244753658771515, 0.1494787037372589, 0.1424592286348343, 0.24393367767333984, 0.1441321074962616, 0.14030994474887848, 0.12996646761894226, 0.12728415429592133, 0.12328759580850601, 0.11896050721406937, 0.13404186069965363, 0.11459042131900787, 0.1005035787820816, 0.11883647739887238, 0.14310652017593384, 0.09559641778469086, 0.6858811378479004, 0.24805869162082672, 0.15960083901882172, 0.1280413269996643]","[1.3654253482818604, 0.8827471137046814, 0.650113046169281, 0.8082941770553589, 0.5814953446388245, 0.48942074179649353, 0.4987979531288147, 0.4479997158050537, 0.46777597069740295, 0.45313191413879395, 0.4324052035808563, 0.5119838714599609, 0.39742493629455566, 0.4107021689414978, 0.40009015798568726, 3.9348113536834717, 0.3899081349372864, 0.39954057335853577, 0.36330676078796387, 0.362682044506073, 0.36667105555534363, 0.33806112408638, 0.35013341903686523, 0.33949562907218933, 0.3484477996826172, 0.3512306809425354, 0.3637262284755707, 0.36882713437080383, 0.32477545738220215, 0.33273962140083313, 0.32730981707572937, 0.33314937353134155, 0.3382738530635834, 2.072770833969116, 1.5693168640136719, 0.8461135029792786, 0.5940662622451782, 0.47879233956336975, 0.4221036732196808, 0.42827939987182617, 0.4459831416606903, 0.3689463436603546, 0.36030417680740356, 0.36329567432403564, 0.3481751084327698, 0.354568213224411, 0.3359379768371582, 0.34657278656959534, 0.3482895791530609, 0.3326062262058258, 0.33598005771636963, 0.34586629271507263, 0.3334558606147766, 0.5188515186309814, 0.36246347427368164, 0.3322822153568268, 0.3307769000530243, 0.32773667573928833, 0.3778316378593445, 0.32761117815971375, 0.3253781199455261, 0.3774145543575287, 0.3780278265476227, 0.3354545533657074, 0.33627620339393616, 0.3351881802082062, 0.35475680232048035, 0.36069995164871216, 0.3637951910495758, 0.3307243585586548, 0.3849581778049469, 0.3417130410671234, 0.3627999424934387, 0.33994486927986145, 0.3817336857318878, 0.3622240424156189, 0.3358173668384552, 0.344210684299469, 0.35048267245292664, 0.3581980764865875, 0.35340893268585205, 0.3584354817867279, 0.37265142798423767, 0.3667454421520233, 0.37021586298942566, 0.38378557562828064, 0.39045795798301697, 0.3896539807319641, 0.3920585811138153, 0.4576747417449951, 0.392900675535202, 0.38906505703926086, 0.38932380080223083]","[0.5639322996139526, 0.70229172706604, 0.7333475947380066, 0.7083600759506226, 0.7761119604110718, 0.8238024115562439, 0.8210894465446472, 0.8397229909896851, 0.8252302408218384, 0.8279431462287903, 0.8409366607666016, 0.8144499063491821, 0.8552152514457703, 0.8542871475219727, 0.8559291958808899, 0.19218961894512177, 0.8592132329940796, 0.8523595333099365, 0.8670664429664612, 0.8654244542121887, 0.8628543019294739, 0.8759191632270813, 0.8690654635429382, 0.8754908442497253, 0.8725637197494507, 0.8753480315208435, 0.8660669922828674, 0.8673520088195801, 0.8834154605865479, 0.8798457980155945, 0.8842721581459045, 0.8843435645103455, 0.8792746663093567, 0.2705076038837433, 0.5245948433876038, 0.7082887291908264, 0.7983151078224182, 0.8230884671211243, 0.8484328985214233, 0.8425787091255188, 0.8275862336158752, 0.8666381239891052, 0.8684229254722595, 0.8666381239891052, 0.8735632300376892, 0.8706361055374146, 0.8740629553794861, 0.8755621910095215, 0.8764903545379639, 0.8754194378852844, 0.8799172043800354, 0.8782751560211182, 0.8812022805213928, 0.833297610282898, 0.8762047290802002, 0.8814164400100708, 0.8813450336456299, 0.8842721581459045, 0.8706361055374146, 0.8841293454170227, 0.8852002620697021, 0.8759905695915222, 0.8692082762718201, 0.8845577239990234, 0.8854144215583801, 0.888198733329773, 0.8805597424507141, 0.8727778792381287, 0.8737059831619263, 0.8884129524230957, 0.8739915490150452, 0.8909116983413696, 0.8789891004562378, 0.8906974792480469, 0.885485827922821, 0.8815591931343079, 0.8852002620697021, 0.8912686705589294, 0.892482340335846, 0.8867709040641785, 0.8906261324882507, 0.8895552158355713, 0.8859142065048218, 0.8906974792480469, 0.8914828300476074, 0.8911972641944885, 0.8897693753242493, 0.8832012414932251, 0.8889840841293335, 0.841793417930603, 0.8702791333198547, 0.8780609965324402, 0.8837723731994629]","[2.302661292693194, 2.302563980513928, 2.3025038616330016, 2.30238779853372, 2.302394572426291, 2.3022891025917205, 2.3022320036794626, 2.3021387586406634, 2.3019689765630984, 2.3018357987497367, 2.301499474282358, 2.3011132081349692, 2.300393450493906, 2.299023478638892, 2.2957313855489097, 2.2837216807346716, 2.195935197904998, 1.9668127532098807, 1.8410101684869504, 1.6465646005144305, 1.706790755776798, 1.5342927960788502, 1.3690995538935942, 1.2450574940326167, 1.167703154040318, 1.1249385476112366, 0.9988011647673214, 1.0508010504292506, 0.904208572471843, 0.8575900220403484, 0.8952849974819258, 0.7750931031563703, 0.7414387417774574, 0.7548500708505219, 0.6884125541238224, 0.6595796358351614, 0.6405585735451942, 0.6357241389798183, 0.5888974608159533, 0.5621837874253591, 0.5463522883022532, 0.5254168890270532, 0.5102056697303173, 0.6054739648220586, 0.4843611822408788, 0.4734790278416054, 0.4622757709493824, 0.4543824464667077, 0.4486694762519762, 0.4355567915766847, 0.4269319825312671, 0.41910844982839096, 0.4134186693266326, 0.4019574260010439, 0.3924702645516863, 0.38686362142656366, 0.6034019665390837, 0.5733033880299213, 0.38742608007262735, 0.3687451838278303, 0.36703279322268917, 0.34930666404611926, 0.3534223297063042, 0.33795171216422437, 0.34237049198618125, 0.3364083363729365, 0.31810596351530035, 0.3272279746392194, 0.3142030326759114, 0.31982387456239436, 0.3111965106982811, 0.30357049376356837, 0.3061474552925895, 0.2924770791740978, 0.2943236299005209, 0.3040408375216465, 0.28452509875391047, 0.2752349359147689, 0.27895065470069064, 0.8999332087297066, 0.7446387889338475, 0.37972097303353103, 0.33437206172475625, 0.3151313627467436, 0.3049665356383604, 0.2936764704246147, 0.2814479227743897, 0.2806493791879392, 0.2755616015078975, 0.27477604822785245, 0.26573850857276543, 0.2573715097763959, 0.2729531555783515]","[2.3026076316833497, 2.3025778770446776, 2.302540588378906, 2.3024893283843992, 2.3024285952250163, 2.3023504416147866, 2.302252721786499, 2.3021229108174643, 2.3019526322682697, 2.3017200311024983, 2.3013552983601886, 2.3007779121398926, 2.2997707525889077, 2.297677199045817, 2.291874821980794, 2.265701246261597, 2.042147477467855, 1.7623896280924478, 1.6767144521077475, 1.5496803045272827, 1.4374127785364788, 1.2649971087773642, 1.1962361097335816, 1.2378047625223796, 1.1218109528223674, 0.9936404625574747, 0.9348019003868103, 0.880340047677358, 0.8410135825475057, 0.8130264321962992, 0.7873620907465617, 0.7646959821383158, 0.7741592009862264, 0.6835793177286784, 0.6619862834612529, 0.6665628910064697, 0.6681104103724161, 0.7524325847625732, 0.5806166450182597, 0.5547717332839965, 0.5384880344072978, 0.5661885778109232, 0.5877859155337016, 0.5777561465899149, 0.5587039709091186, 0.5348770300547282, 0.4947844326496124, 0.4532065153121948, 0.4647870441277822, 0.4398625095685323, 0.43771729270617166, 0.43409752448399863, 0.41756234963734945, 0.42355395952860514, 0.4070563594500224, 0.4048775315284729, 2.865290880203247, 0.4337750971317291, 0.4192885061105092, 0.381009445587794, 0.3945561687151591, 0.4045796811580658, 0.4114172240098318, 0.38268123666445414, 0.3729692161083221, 0.41803963979085285, 0.3864661455154419, 0.39375675916671754, 0.5321098883946737, 0.4995047052701314, 0.3572364707787832, 0.34787375926971437, 0.3793196141719818, 0.4342615266640981, 0.37976067066192626, 0.3891266723473867, 0.3569964230060577, 0.3418522775173187, 0.3422170499960581, 2.3273028055826823, 0.44511790076891583, 0.3935709257920583, 0.36971737345059713, 0.35472759008407595, 0.3546292225519816, 0.36115716298421224, 0.3320289691289266, 0.34470422665278116, 0.35017194747924807, 0.3459723154703776, 0.3515860597292582, 0.33427103360493976, 0.32976693312327066]","[0.0961079716682434, 0.0961079716682434, 0.0961079716682434, 0.0961079716682434, 0.0961079716682434, 0.0961079716682434, 0.0961079716682434, 0.0961079716682434, 0.0961079716682434, 0.0961079716682434, 0.14041023552417756, 0.17240914205710092, 0.18646645843982695, 0.1945261428753535, 0.19473996857802073, 0.1963142325480779, 0.19795694351196289, 0.25227800707022346, 0.26176639397939044, 0.2790150394042333, 0.41930535236994426, 0.4819942037264506, 0.4619390745957693, 0.4601596554120382, 0.5490036606788635, 0.5788292606671651, 0.6132237871487936, 0.6337063749631245, 0.6639087120691936, 0.6758783300717671, 0.6813283761342367, 0.6963524222373962, 0.7026922861735027, 0.7374035755793253, 0.7458224733670552, 0.7508533676465352, 0.7142001152038574, 0.7056869467099508, 0.7746728499730428, 0.7851794481277465, 0.7898594339688619, 0.7608123858769734, 0.7500491698582967, 0.7523934960365295, 0.7649706443150838, 0.7811154762903849, 0.8145004630088806, 0.8387391050656636, 0.8303030570348103, 0.8389359593391419, 0.8396375854810079, 0.8426920255025228, 0.8513505697250366, 0.8477826952934265, 0.8542081594467164, 0.8547728816668193, 0.4000889241695404, 0.8413487394650777, 0.847046943505605, 0.8625416278839111, 0.8552348415056864, 0.8500157793362936, 0.8503580053647359, 0.8572795629501343, 0.8642184615135193, 0.8477741996447246, 0.8543107350667317, 0.8574507753054301, 0.8248956243197123, 0.8242539683977763, 0.8702845414479573, 0.8718759576479594, 0.8601799527804057, 0.8482959469159445, 0.867769185702006, 0.8577245632807414, 0.8669476429621379, 0.8759742577870687, 0.8794050455093384, 0.31249393622080485, 0.8536262671152751, 0.8611640334129333, 0.8685049335161845, 0.8710374474525452, 0.8712684313456217, 0.8691637476285299, 0.8798413753509522, 0.8780532797177633, 0.8738609075546264, 0.8763506094614665, 0.8704555670420329, 0.8838627258936564, 0.8827504316965739]",0.03529620170593262,True,,,2,eea1b31d963b47ddaa9482221e53a3fb,2021-01-27_22-14-47,1611785687,741.616712808609,202992,thetagpu02,140.221.68.12,741.616712808609,0,2,"4_adam_epsilon=0.46272,batch_size=974,dropout=0.20714,epochs=93,learning_rate=0.040511,api_key=b24709b3f0a9bf7eae4f3a30280c90cd38d1d5f7,project=rms_fashion_exp3",0.040510747952125635,0.20713586616030827,974,0.4627192431307109,93,rms_fashion_exp3,b24709b3f0a9bf7eae4f3a30280c90cd38d1d5f7
5145209c,0.8557211637496949,0.8552240163755576,0.588699494949495,0.8944659233093262,0.8939776951549211,0.6003425489084735,False,0.06763727300696903,True,0.0024273527993096244,0.0297138307659911,"[1.5773903131484985, 0.8232372999191284, 0.6764802932739258, 0.6060014367103577, 0.558903157711029, 0.5238807797431946, 0.4948241710662842, 0.47436952590942383, 0.45191690325737, 0.4289242923259735, 0.41643938422203064, 0.4017924964427948, 0.3890453279018402, 0.37933704257011414, 0.36633896827697754, 0.3686668276786804, 0.3481430113315582, 0.34130892157554626, 0.3331393301486969, 0.3268807828426361, 0.8385947346687317, 0.4801597595214844, 0.3633226752281189, 0.3401910066604614, 0.32392507791519165, 0.31906336545944214, 0.3070661723613739, 0.29558831453323364, 0.29130786657333374, 0.2869373857975006, 0.27830246090888977, 0.2758890390396118, 0.26788708567619324, 0.26630669832229614, 0.28908681869506836, 0.25418227910995483, 0.25002431869506836, 0.2429949790239334, 0.25114691257476807, 0.23484408855438232, 0.2303767204284668, 0.2468053251504898, 0.21883252263069153, 0.2161691039800644, 0.21681879460811615, 0.2920975089073181, 0.216985285282135, 0.20058828592300415, 0.2028597742319107, 0.2066686451435089, 0.18663693964481354, 0.19313518702983856, 0.1797790825366974, 1.0320175886154175, 0.3027494549751282, 0.2576896846294403, 0.23111993074417114, 0.22214172780513763, 0.22078324854373932, 0.19681425392627716, 0.18841303884983063, 0.1883591115474701, 0.17974768579006195, 0.1844688057899475, 0.16290393471717834, 0.16926927864551544, 0.1705670803785324, 0.15020449459552765, 0.15421314537525177, 0.3378431499004364, 0.20092043280601501, 0.15056392550468445, 0.15111957490444183, 0.14105607569217682, 0.12559932470321655, 0.13821832835674286, 0.11976169049739838, 0.11916524171829224, 0.15643101930618286, 0.10516103357076645, 0.11425981670618057, 0.11959289014339447, 0.12713849544525146, 0.09587778151035309]","[1.0521831512451172, 0.6276421546936035, 0.5897992253303528, 0.6214725971221924, 0.5009317398071289, 0.4910087287425995, 0.4953482747077942, 0.4446614980697632, 0.4372437596321106, 0.4612163305282593, 0.4105224907398224, 0.39499637484550476, 0.3842298686504364, 0.37688055634498596, 0.3649923801422119, 0.36325475573539734, 0.35596373677253723, 0.3551481068134308, 0.3615981936454773, 0.3515629470348358, 0.7074647545814514, 0.3849676251411438, 0.3645573556423187, 0.3559397757053375, 0.3544074296951294, 0.34649360179901123, 0.33438268303871155, 0.34878361225128174, 0.331193745136261, 0.3333826959133148, 0.32875898480415344, 0.3241460919380188, 0.3229999244213104, 0.3215693235397339, 0.32254910469055176, 0.3243086040019989, 0.32951974868774414, 0.32778170704841614, 0.3178238570690155, 0.3269820809364319, 0.32542043924331665, 0.32408010959625244, 0.3669528663158417, 0.3233424723148346, 0.3208959698677063, 0.31478002667427063, 0.31583625078201294, 0.3396707773208618, 0.32477959990501404, 0.33055010437965393, 0.3254285454750061, 0.3587295413017273, 0.33048194646835327, 0.37858471274375916, 0.34604912996292114, 0.3350566625595093, 0.33243003487586975, 0.32430699467658997, 0.32920563220977783, 0.3187254071235657, 0.3465745747089386, 0.34241846203804016, 0.3226679861545563, 0.32823750376701355, 0.3412708640098572, 0.32765501737594604, 0.359844833612442, 0.33933570981025696, 0.33073368668556213, 0.3776901364326477, 0.3382362723350525, 0.40800976753234863, 0.34506550431251526, 0.36869972944259644, 0.3578975796699524, 0.3568481504917145, 0.35625845193862915, 0.3678223788738251, 0.3425096869468689, 0.3602278232574463, 0.3767392337322235, 0.3721729516983032, 0.33921948075294495, 0.36909258365631104]","[0.5440850853919983, 0.7624045014381409, 0.7693296074867249, 0.7611194252967834, 0.8130220770835876, 0.8190904259681702, 0.8114514350891113, 0.8364388942718506, 0.8383665084838867, 0.8253016471862793, 0.8462197184562683, 0.8541443347930908, 0.860284149646759, 0.8605697154998779, 0.8649246692657471, 0.8673520088195801, 0.8698508143424988, 0.8688513040542603, 0.8646391034126282, 0.8666381239891052, 0.764546275138855, 0.8599985837936401, 0.8657813668251038, 0.8703505396842957, 0.8699221611022949, 0.8717783689498901, 0.8769900798797607, 0.8726351261138916, 0.8780609965324402, 0.8794888257980347, 0.8807024955749512, 0.8824159502983093, 0.8827015161514282, 0.8843435645103455, 0.8829156756401062, 0.8823445439338684, 0.8833440542221069, 0.8817734122276306, 0.8876990079879761, 0.8848432898521423, 0.8836296200752258, 0.8847718834877014, 0.8752766251564026, 0.8846291303634644, 0.8872706294059753, 0.8871992826461792, 0.8888412714004517, 0.8825587034225464, 0.8856286406517029, 0.8876990079879761, 0.8887699246406555, 0.8787035346031189, 0.8903405666351318, 0.8650674819946289, 0.8764903545379639, 0.8817734122276306, 0.8827015161514282, 0.887913167476654, 0.8893410563468933, 0.8926964998245239, 0.880845308303833, 0.8862711787223816, 0.8932676315307617, 0.8882701396942139, 0.8909831047058105, 0.8938388228416443, 0.8813450336456299, 0.8925537467002869, 0.8958377838134766, 0.8699935674667358, 0.8863425254821777, 0.8801313638687134, 0.8925537467002869, 0.8817020058631897, 0.894909679889679, 0.8935531973838806, 0.8920539617538452, 0.8906261324882507, 0.8939101696014404, 0.8949810862541199, 0.8892696499824524, 0.8904833197593689, 0.8935531973838806, 0.8967658877372742]","[2.302663516998291, 2.3026318652289253, 2.302510966573443, 2.3024703230176655, 2.3024673870631625, 2.3023776054382323, 2.3022987399782453, 2.3024327482495988, 2.3023137705666676, 2.302209997177124, 2.3021683726991924, 2.302129319735936, 2.3020314625331335, 2.3019667625427247, 2.3017671721322195, 2.3015208176204136, 2.30124318259103, 2.300849311692374, 2.300278994015285, 2.299185943603516, 2.2972312791006906, 2.2928963150296893, 2.279402892930167, 2.2129108599254064, 1.9695449096815927, 1.7726730993815831, 1.6387512598718916, 1.6147685732160295, 1.4786983779498508, 1.3028751730918884, 1.2478310108184814, 1.1750198193958827, 1.1327166778700692, 1.051544303553445, 1.037595351253237, 0.9931542456150055, 0.9255010638918195, 0.9243746221065521, 0.858331675188882, 0.8682382191930499, 0.8115788144724709, 0.8356050900050572, 0.7531374820641109, 0.7613180807658604, 0.7055407924311502, 0.6913397312164307, 0.7440870182854789, 0.6343502913202558, 0.6468870001179832, 0.5976309061050415, 0.5817219572407859, 0.6156801781484059, 0.5434213093348912, 0.525599421773638, 0.5135291525295802, 0.5014581335442406, 0.4884776302746364, 0.4848023091043745, 0.47122721714632854, 0.4605117567947933, 0.45134158730506896, 0.4410356879234314, 0.5426460674830845, 0.42667775068964275, 0.41875198100294386, 0.40866085290908816, 0.40596758425235746, 0.3979564960513796, 0.3973781087568828, 0.3852924461875643, 0.38130765088966917, 0.3790491844926562, 0.3789871833154133, 0.36373103771890913, 0.3586596433605467, 0.35925951983247484, 0.34804353415966033, 0.4504575499466487, 0.3806729895727975, 0.33410449836935313, 0.33048190559659685, 0.3251166616167341, 0.32921064581189835, 0.31219052714960915]","[2.3026269912719726, 2.302613067626953, 2.3025964498519897, 2.3025691866874696, 2.3025350093841555, 2.3024999856948853, 2.3024627566337585, 2.3024164199829102, 2.3023614287376404, 2.3022929549217226, 2.302205300331116, 2.302103579044342, 2.301979649066925, 2.3018229007720947, 2.301625072956085, 2.301360034942627, 2.300981366634369, 2.3004212856292723, 2.299550104141235, 2.2980289220809937, 2.2949564695358275, 2.2872995018959044, 2.2599056363105774, 2.107029151916504, 1.7873616158962249, 1.7705407977104186, 1.480840539932251, 1.3145343482494354, 1.3436309754848481, 1.137444669008255, 1.402958220243454, 1.0839385867118836, 0.9895082592964173, 1.1958493351936341, 1.5687771797180177, 1.0919249892234801, 0.934632295370102, 0.8872264921665192, 0.8679376989603043, 0.8090848892927169, 0.7999479800462723, 0.7486688733100891, 0.7397755116224289, 0.7013608545064927, 0.6983558416366578, 0.6726664721965789, 0.6408480435609818, 0.6183202147483826, 0.5868314325809478, 0.5739282846450806, 0.5626194059848786, 0.5425769194960595, 0.5274286016821861, 0.5121748387813568, 0.49460366666316985, 0.4895541355013847, 0.4866378828883171, 0.472155399620533, 0.47525565326213837, 0.45624140799045565, 0.4505980581045151, 0.5810415983200073, 0.44546521455049515, 0.44748334437608717, 0.4221368536353111, 0.45396329164505006, 0.40708058774471284, 0.4270121484994888, 0.40043585300445556, 0.4254211410880089, 0.43731593787670137, 0.41457669883966447, 0.3955193817615509, 0.3915678456425667, 0.4626005947589874, 0.3855985924601555, 0.40854276716709137, 1.1694968819618226, 0.3871559962630272, 0.38297613263130187, 0.39061896950006486, 0.37111959755420687, 0.36265366822481154, 0.41138965636491776]","[0.09595575630664825, 0.09595575630664825, 0.09595575630664825, 0.09595575630664825, 0.09595575630664825, 0.09595575630664825, 0.09595575630664825, 0.09595575630664825, 0.09595575630664825, 0.09595575630664825, 0.09595575630664825, 0.09595575630664825, 0.09595575630664825, 0.09595575630664825, 0.09595575630664825, 0.09595575630664825, 0.11816707476973534, 0.15733931437134743, 0.17483319193124772, 0.1859156645834446, 0.1925618603825569, 0.19447947442531585, 0.1964598961174488, 0.19744599759578704, 0.2750444546341896, 0.1787341520190239, 0.3482482969760895, 0.48735941499471663, 0.41950164586305616, 0.5255262017250061, 0.35470899790525434, 0.5523979961872101, 0.5927230417728424, 0.5272994011640548, 0.40936712324619295, 0.5691951513290405, 0.6275793313980103, 0.6382902562618256, 0.6526397675275802, 0.6837617874145507, 0.6795221567153931, 0.705066254734993, 0.7045033633708954, 0.7189485520124436, 0.7308093428611755, 0.7259633660316467, 0.7495869189500809, 0.7607621401548386, 0.7772669851779938, 0.7819656372070313, 0.78195740878582, 0.791712173819542, 0.7959600269794465, 0.7997870445251465, 0.8069632649421692, 0.8089900553226471, 0.8128663659095764, 0.8216268181800842, 0.819528990983963, 0.8324498444795608, 0.8371837228536606, 0.7652723640203476, 0.840136730670929, 0.8365908890962601, 0.8509403944015503, 0.832359465956688, 0.855832752585411, 0.8426824063062668, 0.8570319265127182, 0.8459741026163101, 0.8415296107530594, 0.8459412395954132, 0.8582093775272369, 0.8597883015871048, 0.829406452178955, 0.8594085425138474, 0.8494624257087707, 0.5873006582260132, 0.8593621701002121, 0.8588785231113434, 0.856258898973465, 0.8659972190856934, 0.8687207341194153, 0.8497218698263168]",0.03229188919067383,True,,,2,0f28c73cbbca4758b81fcfdbacd1af78,2021-01-27_22-13-31,1611785611,665.586793422699,203014,thetagpu02,140.221.68.12,665.586793422699,0,2,"5_adam_epsilon=0.7993,batch_size=704,dropout=0.45051,epochs=84,learning_rate=0.029601,api_key=b24709b3f0a9bf7eae4f3a30280c90cd38d1d5f7,project=rms_fashion_exp3",0.029600509869556632,0.45051229798855,704,0.7992997083313532,84,rms_fashion_exp3,b24709b3f0a9bf7eae4f3a30280c90cd38d1d5f7
514a6b92,0.8763546082708571,0.8754888667932147,0.6031777596994989,0.8750178813934326,0.8764791547400242,0.5869535086926392,True,0.005166139867570653,True,0.004981623755560981,0.005523563312491486,"[2.101667881011963, 1.073026418685913, 0.7065559029579163, 0.5978444814682007, 0.5469590425491333, 0.4999944269657135, 0.4692758321762085, 0.43737006187438965, 0.41857022047042847, 0.39565783739089966, 0.3759574592113495, 0.37041085958480835, 0.36261624097824097, 0.33871719241142273, 0.33301442861557007, 0.32095834612846375, 0.49498534202575684, 0.32693547010421753, 0.3010168671607971, 0.32280123233795166, 0.2864478528499603, 0.2784818112850189, 0.2718179225921631, 0.26592493057250977, 0.2597779333591461, 0.25494152307510376, 0.2506474256515503, 0.2385704517364502, 0.2416451871395111, 0.3364594578742981, 0.23323962092399597, 0.21627669036388397, 0.21195055544376373, 0.21453429758548737, 0.20678581297397614, 0.19315218925476074, 0.1974002718925476, 0.18561339378356934, 0.19750553369522095, 0.511769711971283, 0.20406854152679443, 0.18435534834861755, 0.1812404990196228, 0.1892438381910324, 0.15882062911987305, 0.1887906938791275, 0.14116041362285614, 0.14319485425949097, 0.18851561844348907, 0.12398304045200348, 0.16805998980998993, 0.11171287298202515, 0.1453169584274292, 0.1318855881690979, 0.11267178505659103, 0.20919375121593475, 0.12519976496696472, 0.12069050222635269, 0.09487047791481018, 0.1612900048494339, 0.0855213925242424, 0.08034725487232208, 0.10861960798501968, 0.06143471598625183, 0.17181913554668427, 0.06374163180589676, 0.1592681109905243, 0.12645207345485687, 0.0970236286520958, 0.05859276279807091, 0.0340660996735096]","[1.4795736074447632, 0.9094297885894775, 0.6103253960609436, 0.5520622134208679, 0.48094093799591064, 0.45988744497299194, 0.43379130959510803, 0.4242245852947235, 0.40814292430877686, 0.39017894864082336, 0.4373970329761505, 0.37457340955734253, 0.39361968636512756, 0.4198131561279297, 0.34995919466018677, 0.34424054622650146, 0.38498952984809875, 0.3529375195503235, 0.33877328038215637, 0.341071754693985, 0.33608266711235046, 0.3897772431373596, 0.3315710723400116, 0.3284156322479248, 0.3870581090450287, 0.3554471433162689, 0.3689306974411011, 0.3309849202632904, 0.32555875182151794, 0.3314947783946991, 0.3565576672554016, 0.3497667908668518, 0.3330373466014862, 0.333610862493515, 0.3388332426548004, 0.33280912041664124, 0.3350893259048462, 0.326026976108551, 0.3310297727584839, 0.3501085937023163, 0.34279125928878784, 0.3278144896030426, 0.3338761329650879, 0.3401023745536804, 0.3374589681625366, 0.37836745381355286, 0.3742899000644684, 0.3439245820045471, 0.3534369468688965, 0.34387969970703125, 0.36745065450668335, 0.3728659152984619, 0.38790377974510193, 0.36378398537635803, 0.43577077984809875, 0.46246710419654846, 0.38214239478111267, 0.3766055703163147, 0.47372323274612427, 0.38600045442581177, 0.3626386821269989, 0.42035600543022156, 0.40076637268066406, 0.4003080427646637, 0.3795296251773834, 0.4100002944469452, 0.3923381268978119, 0.39487239718437195, 0.39631739258766174, 0.3984632194042206, 0.5343186855316162]","[0.42471620440483093, 0.6455343961715698, 0.7720425724983215, 0.7884629368782043, 0.8232312202453613, 0.8307275176048279, 0.8422931432723999, 0.8445063233375549, 0.8503605127334595, 0.8565717339515686, 0.8428642749786377, 0.8620689511299133, 0.8554294109344482, 0.8427215218544006, 0.8702077269554138, 0.8734918236732483, 0.858285129070282, 0.871921181678772, 0.8762761354446411, 0.873920202255249, 0.8754908442497253, 0.856000542640686, 0.8792032599449158, 0.8797743916511536, 0.855643630027771, 0.8700649738311768, 0.8633540272712708, 0.8806310892105103, 0.8856286406517029, 0.8814164400100708, 0.8688513040542603, 0.8731348514556885, 0.8822731375694275, 0.8809880614280701, 0.8812022805213928, 0.887913167476654, 0.8835582137107849, 0.8861283659934998, 0.8884843587875366, 0.8752766251564026, 0.8811308741569519, 0.8882701396942139, 0.8866994976997375, 0.8809880614280701, 0.887913167476654, 0.8779895901679993, 0.8784179091453552, 0.887913167476654, 0.8849146962165833, 0.8920539617538452, 0.8800599575042725, 0.8827015161514282, 0.8817020058631897, 0.8894124627113342, 0.8457913994789124, 0.8587849140167236, 0.8895552158355713, 0.8724923133850098, 0.8662097454071045, 0.8806310892105103, 0.8887699246406555, 0.8829870820045471, 0.8871278762817383, 0.8904833197593689, 0.8886985182762146, 0.8902691602706909, 0.8827729225158691, 0.890411913394928, 0.8920539617538452, 0.8914114236831665, 0.8748483061790466]","[2.302677479283563, 2.30254746716598, 2.3025011892976432, 2.3024415435462164, 2.3023719047677926, 2.3023136401998587, 2.3022438205521683, 2.302121067869252, 2.302030028968022, 2.3018035189858796, 2.3014842354018112, 2.3011788623086336, 2.3004503044588813, 2.2990444117578965, 2.2955067979878394, 2.281421024223854, 2.1619706749916077, 1.9169651105486114, 1.861251385047518, 1.6297168772796105, 1.6006566244980385, 1.5169582181963428, 1.3035053446375091, 1.205045759677887, 1.138297370795546, 1.062889074457103, 1.134764352749134, 0.9410463838741697, 0.8856916550932259, 0.8425242582271839, 0.8391257370340413, 0.7616440479097695, 0.756741091095168, 0.7035947914781242, 0.6577114092892614, 0.6390676210666525, 0.6202486640420454, 0.5861125557587065, 0.5645948468611158, 0.5549605288382234, 0.534324501095147, 0.6398556350634016, 0.4997554966087999, 0.4848667732600508, 0.4794970899820328, 0.4667492750389823, 0.45291301865002204, 0.44307880822954504, 0.4350025551072482, 0.4306802703388806, 0.41340582483801347, 0.4084586578196493, 0.4115675446288339, 0.39073651772120904, 0.38473035857595245, 0.7440499139243159, 0.433940966067643, 0.3834545278343661, 0.3706674036280862, 0.36669392729627676, 0.35273905715038034, 0.34949054029481164, 0.3429463731831518, 0.3377041528964865, 0.35464877609548895, 0.32313397989190856, 0.3200102882652447, 0.3175809162444082, 0.3043967768036086, 0.305887904146622, 0.2920090489346406]","[2.302618517595179, 2.302592067157521, 2.3025566549862133, 2.302507386488073, 2.302449955659754, 2.302373269025017, 2.3022795144249413, 2.302153040381039, 2.301984338199391, 2.3017339005189785, 2.301376889733707, 2.3007978130789364, 2.299750243916231, 2.2975105257595287, 2.291066758772906, 2.258324581034043, 1.963465410120347, 1.6401918986264397, 1.70808726198533, 1.5188496463439043, 1.793350710588343, 1.2208396897596472, 1.1889948494294111, 1.207066620097441, 1.1779672959271599, 0.9305943636333242, 0.902859999853022, 0.9619182488497566, 0.8629878128276152, 0.7869533896446228, 0.7435900709208321, 0.7088828051791471, 0.684804288779988, 0.6794607534128076, 0.6412511783487657, 0.6315691576284521, 0.5832600663690006, 0.5841094676186057, 0.5579458089435801, 0.5539946766460643, 0.5266447295160854, 0.5342211846043082, 0.5102606328094706, 0.48724503201596875, 0.47517064564368305, 0.4610985903178944, 0.46483133119695325, 0.4568134143072016, 0.44370269600082846, 0.42532140367171345, 0.4458296421696158, 0.4639069315265207, 0.40654398062649894, 0.40557319101165323, 0.40397053956985474, 0.5400295853614807, 0.4200640198062448, 0.3982129132046419, 0.38312624131931977, 0.3802781666026396, 0.37547396912294273, 0.3727529574843014, 0.36538755543091717, 0.36871928327223835, 0.35458718678530526, 0.3564640511484707, 0.3591402874273412, 0.37227682681644664, 0.35132666545755725, 0.36663174278595867, 0.3612558175535763]","[0.09599128234035828, 0.09599128234035828, 0.09599128234035828, 0.09599128234035828, 0.09599128234035828, 0.09599128234035828, 0.09599128234035828, 0.09599128234035828, 0.09599128234035828, 0.09599128234035828, 0.09599128234035828, 0.12764547283158584, 0.17274202143444733, 0.18836784801062414, 0.1934951350969427, 0.1966747843167361, 0.20061478632337906, 0.35464078363250284, 0.2653910140780842, 0.3902797050335828, 0.29601649501744437, 0.47210080483380484, 0.46206986027605396, 0.500063023146461, 0.5219830940751469, 0.6104277898283565, 0.6348078145700342, 0.6152175910332623, 0.6509581664029289, 0.6831572090878206, 0.7071143704302171, 0.7281683753518498, 0.7396549477296717, 0.7101679724805495, 0.7610586425837349, 0.7564355415456435, 0.7753182649612427, 0.7725370876929339, 0.7783922027139103, 0.7743342834360459, 0.7928063378614538, 0.7917125750990475, 0.8013125167173498, 0.8220778282950906, 0.8317590916858, 0.8390779880916371, 0.8317225014462191, 0.8365082390168134, 0.8405620876480552, 0.8487348521456999, 0.8400904290816363, 0.827965473427492, 0.8534473917063545, 0.8539759902393117, 0.8547485365587122, 0.8093754859531627, 0.8490438776857713, 0.8542524716433357, 0.8616730185116038, 0.8616811527925379, 0.8630432767026565, 0.8653121310121873, 0.8683291393167832, 0.8656333439490375, 0.8733791673884672, 0.8717771453015944, 0.8690894947332495, 0.8628562373273513, 0.8722000157131868, 0.8643769446541282, 0.8697237968444824]",0.03142881393432617,True,,,2,864558ad2399496595c8d61cac1a249e,2021-01-27_22-11-41,1611785501,555.9732487201691,203027,thetagpu02,140.221.68.12,555.9732487201691,0,2,"6_adam_epsilon=0.44119,batch_size=851,dropout=0.30227,epochs=71,learning_rate=0.036376,api_key=b24709b3f0a9bf7eae4f3a30280c90cd38d1d5f7,project=rms_fashion_exp3",0.03637624336707051,0.30227244156506855,851,0.44119226008044765,71,rms_fashion_exp3,b24709b3f0a9bf7eae4f3a30280c90cd38d1d5f7
51505d4a,0.7257256422724042,0.7254381481431664,0.5089723414080819,0.8886029124259949,0.8888259333485772,0.5978944454158653,True,0.007440012835320969,True,0.005941477086808946,0.13839571978892828,"[1.398773431777954, 0.7543978095054626, 0.6438924074172974, 0.5815253257751465, 0.5284304022789001, 0.501390814781189, 0.4692053496837616, 0.44999274611473083, 0.4320821464061737, 0.4179738163948059, 0.402377724647522, 0.3877968490123749, 0.37934422492980957, 0.3704477846622467, 0.35953056812286377, 0.3557652235031128, 0.34375447034835815, 0.3354187309741974, 0.32714611291885376, 0.32376629114151, 0.3160765767097473, 0.30734017491340637, 0.3023250102996826, 0.30411040782928467, 0.2887924611568451, 0.28398990631103516, 0.2791708707809448, 0.27679309248924255, 0.26967915892601013, 0.2640538215637207, 0.523156464099884, 0.3087030351161957, 0.26840293407440186, 0.2544102966785431, 0.24855878949165344, 0.23959296941757202, 0.24220900237560272, 0.23216575384140015, 0.22947855293750763, 0.22011883556842804, 0.21968284249305725, 0.21583996713161469, 0.2207702249288559, 0.47657155990600586, 0.2544582188129425, 0.21731068193912506, 0.20459504425525665, 0.2027473896741867, 0.19566476345062256, 0.18478839099407196, 0.1894189864397049, 0.18228615820407867, 0.17436565458774567, 0.1839372217655182, 0.17082791030406952, 0.18686887621879578, 0.16346734762191772, 0.16690129041671753, 0.15200261771678925, 0.15239907801151276, 0.1525750309228897, 0.1446531116962433]","[0.7083778381347656, 0.6092368960380554, 0.5479125380516052, 0.5058232545852661, 0.4893064498901367, 0.5677297115325928, 0.46851709485054016, 0.4218870997428894, 0.44819653034210205, 0.4302622377872467, 0.4138233959674835, 0.40916186571121216, 0.4126879572868347, 0.39389708638191223, 0.3730286657810211, 0.3712806701660156, 0.37604308128356934, 0.35860732197761536, 0.36876848340034485, 0.35357388854026794, 0.34657055139541626, 0.34622472524642944, 0.34319472312927246, 0.33024895191192627, 0.34460076689720154, 0.34091702103614807, 0.3335428833961487, 0.3384126126766205, 0.3261396586894989, 0.326524555683136, 0.385522723197937, 0.3329860270023346, 0.3247610032558441, 0.31957051157951355, 0.3229203522205353, 0.3357776999473572, 0.3170340657234192, 0.3339445888996124, 0.3359052240848541, 0.3225611746311188, 0.3193374574184418, 0.31691738963127136, 0.32626691460609436, 0.34215641021728516, 0.3237549960613251, 0.32209742069244385, 0.31898096203804016, 0.33723270893096924, 0.3258730471134186, 0.3350941240787506, 0.34993377327919006, 0.32138314843177795, 0.33143457770347595, 0.3245927393436432, 0.3253795802593231, 0.325315922498703, 0.35006821155548096, 0.32236745953559875, 0.34440383315086365, 0.3564009666442871, 0.3287641108036041, 0.34029194712638855]","[0.7179267406463623, 0.7556935548782349, 0.7953880429267883, 0.81209397315979, 0.8210180401802063, 0.7878203988075256, 0.8236595988273621, 0.8457913994789124, 0.8337973952293396, 0.8391518592834473, 0.8480759859085083, 0.8505747318267822, 0.8485757112503052, 0.8552152514457703, 0.8654244542121887, 0.8637824058532715, 0.8643535375595093, 0.8677089810371399, 0.8685657382011414, 0.8732062578201294, 0.8723495602607727, 0.8749910593032837, 0.876347541809082, 0.8797743916511536, 0.8745627403259277, 0.8767045140266418, 0.8799885511398315, 0.8773470520973206, 0.8811308741569519, 0.8821303844451904, 0.8597130179405212, 0.878632128238678, 0.8817020058631897, 0.8838437795639038, 0.883486807346344, 0.8804169297218323, 0.8867709040641785, 0.8809880614280701, 0.8806310892105103, 0.8849861025810242, 0.8858428001403809, 0.8873420357704163, 0.880845308303833, 0.8767759203910828, 0.885485827922821, 0.8878418207168579, 0.8895552158355713, 0.8844863176345825, 0.887770414352417, 0.8846291303634644, 0.8802027702331543, 0.889983594417572, 0.8839865922927856, 0.8889840841293335, 0.8896980285644531, 0.8911258578300476, 0.8844863176345825, 0.8934104442596436, 0.8868423104286194, 0.8799885511398315, 0.8923395276069641, 0.8873420357704163]","[2.3025908796410812, 2.302580607564826, 2.3025660037994387, 2.3025104020771225, 2.3025317242271024, 2.3025218085238808, 2.302424440885845, 2.3024741147693835, 2.302425675643118, 2.3024389091290924, 2.302372219688014, 2.302335586045918, 2.302224555768465, 2.302181642933896, 2.3022373224559582, 2.302162883156224, 2.302023616589998, 2.3019928580836244, 2.3018684111143415, 2.3018234227832997, 2.3017022735194157, 2.3015659181695236, 2.301389297686125, 2.3011801619278756, 2.300776649776258, 2.300374224311427, 2.2998241474753933, 2.298956963890477, 2.2975089575115004, 2.2950657392802993, 2.2903820037841798, 2.2790690321671336, 2.2451666079069437, 2.122753138291208, 1.8591173523350766, 1.7135149428718968, 1.6117830351779336, 1.4958141251614219, 1.4047215712697882, 1.2814834155534442, 1.2224336473565354, 1.1589097380638123, 1.1379944914265683, 1.0639233758575037, 1.0225517360787644, 0.9984897419026023, 0.9752788826038963, 0.943815469114404, 0.9573334066491378, 0.9192909454044543, 0.9161519044323971, 0.8753022068425229, 0.8792897280893828, 0.8472290001417461, 0.8306158498713845, 0.817327808706384, 0.806782152778224, 0.7807315631916648, 0.8139273386252553, 0.7322137299336885, 0.7359036596197831, 0.7043585651799252]","[2.302650477205004, 2.3026326383863176, 2.3026167580059598, 2.3026021208081926, 2.3025849206107005, 2.302563624722617, 2.3025422266551425, 2.302514467920576, 2.3024875095912387, 2.3024546333721707, 2.3024218337876454, 2.3023838911737715, 2.302339289869581, 2.3022910952568054, 2.302233559744699, 2.3021665130342757, 2.3020909428596497, 2.301999705178397, 2.3018912076950073, 2.301766949040549, 2.3016165494918823, 2.301428973674774, 2.3011932969093323, 2.300889730453491, 2.3004787393978665, 2.299916241850172, 2.299117829118456, 2.2978987778936113, 2.2958917021751404, 2.2922817213194713, 2.2846634473119463, 2.2652207783290317, 2.20153272151947, 1.9962821858269828, 1.6655673469815935, 1.5460325947829656, 1.4196170355592455, 1.3525360354355402, 1.1614844713892256, 1.3821181910378593, 1.0502182671001978, 1.0565366723707743, 1.0326017779963357, 0.973298613514219, 0.9991058643375125, 1.0307300218514033, 0.9555418512650898, 0.9185601132256644, 0.8993462004831859, 0.8937793459211077, 0.863670791898455, 0.84945767053536, 0.8362520869289126, 0.8180708459445408, 0.8058482110500336, 0.7844781854322979, 0.7579394983393806, 0.7394374545131411, 0.7329214704888207, 0.7157281999077115, 0.708265734570367, 0.6968756722552436]","[0.10106312350503036, 0.09668604657053947, 0.09668604657053947, 0.09668604657053947, 0.09668604657053947, 0.09668604657053947, 0.09668604657053947, 0.09668604657053947, 0.09668604657053947, 0.09668604657053947, 0.09668604657053947, 0.09668604657053947, 0.09668604657053947, 0.09668604657053947, 0.09668604657053947, 0.09668604657053947, 0.09668604657053947, 0.09668604657053947, 0.09668604657053947, 0.09668604657053947, 0.09668604657053947, 0.09668604657053947, 0.09938538180930274, 0.13105204940906592, 0.15879014347280776, 0.17433831681098258, 0.18291251521025384, 0.18816445342132024, 0.19189368773783957, 0.1940393133887223, 0.19583056281719888, 0.19826134986111096, 0.19839977739112719, 0.20075304433703423, 0.334977850317955, 0.32558139839342665, 0.43322812552962986, 0.40526578043188366, 0.5258804102029119, 0.38569490930863787, 0.5501578077673912, 0.5259413155061858, 0.576389801289354, 0.589548718716417, 0.5851467273065022, 0.5773338781935828, 0.6101079689604896, 0.6280260256358555, 0.636608532496861, 0.6368770833526339, 0.6495348960161209, 0.6577021139008659, 0.6614396529538291, 0.6647702200072152, 0.6709219345024654, 0.6804734234298978, 0.6967912422759193, 0.7123144971472877, 0.7067414075136185, 0.7120016493967601, 0.7115863668067115, 0.7164230240242822]",0.03353571891784668,True,,,2,a9f7c791dd704527b3d2b8044b949334,2021-01-27_22-09-41,1611785381,435.960697889328,202993,thetagpu02,140.221.68.12,435.960697889328,0,2,"7_adam_epsilon=0.45951,batch_size=516,dropout=0.41452,epochs=62,learning_rate=0.011646,api_key=b24709b3f0a9bf7eae4f3a30280c90cd38d1d5f7,project=rms_fashion_exp3",0.011645780293345355,0.414516474635039,516,0.45951136378329405,62,rms_fashion_exp3,b24709b3f0a9bf7eae4f3a30280c90cd38d1d5f7
5155cf50,0.4026212195555369,0.4033902445738194,0.2751575897711163,0.8823108673095703,0.8843693656495589,0.5984075863302916,False,0.07303632169530011,True,0.002411504586537679,0.4279729217963161,"[1.411712408065796, 0.8203163146972656, 0.7007466554641724, 0.6399335265159607, 0.6013291478157043, 0.5649821162223816, 0.5489550232887268, 0.5244477391242981, 0.5079513192176819, 0.4933951199054718, 0.47524189949035645, 0.45694607496261597, 0.45674166083335876, 0.4406711161136627, 0.4344959259033203, 0.4252042770385742, 0.4139135479927063, 0.4106094539165497, 0.40215155482292175, 0.3957325518131256, 0.3892982602119446, 0.3862638771533966, 0.3782626688480377, 0.37422695755958557, 0.3688163161277771, 0.3655967116355896, 0.36199191212654114, 0.35754668712615967, 0.35833120346069336, 0.34731167554855347, 0.345364511013031, 0.34100279211997986, 0.33805224299430847, 0.3330070972442627, 0.3377997577190399, 0.32652747631073, 0.32159462571144104, 0.31962162256240845, 0.31817111372947693, 0.3144018352031708, 0.3125484883785248, 0.31945353746414185, 0.3074261248111725, 0.30350586771965027, 0.2987102270126343, 0.2981993854045868, 0.29499608278274536, 0.2892210781574249, 0.29221099615097046, 0.2880804240703583, 0.28296801447868347, 0.28844138979911804, 0.2783830761909485, 0.279899924993515, 0.28306958079338074, 0.27310118079185486, 0.2682933807373047, 0.27391159534454346, 0.26634442806243896, 0.2637968063354492, 0.2652202248573303, 0.25751611590385437, 0.2577550411224365, 0.25395122170448303, 0.25507882237434387, 0.32829034328460693, 0.25091275572776794, 0.24629199504852295, 0.24694688618183136]","[0.8657532334327698, 0.6856957077980042, 0.6139526963233948, 0.5816645622253418, 0.5585072040557861, 0.542701005935669, 0.5194711089134216, 0.5074259638786316, 0.486125648021698, 0.4716019928455353, 0.468860387802124, 0.4647374749183655, 0.447299063205719, 0.45368313789367676, 0.446487694978714, 0.43087249994277954, 0.42357137799263, 0.4216208755970001, 0.4218376874923706, 0.4159764349460602, 0.43131300806999207, 0.4070356786251068, 0.39945554733276367, 0.42113810777664185, 0.40048930048942566, 0.39431673288345337, 0.3879247009754181, 0.3985278606414795, 0.38868775963783264, 0.38660240173339844, 0.3875010311603546, 0.38635948300361633, 0.39544838666915894, 0.3703496754169464, 0.37673476338386536, 0.3686535358428955, 0.37964490056037903, 0.37152570486068726, 0.3601844310760498, 0.3595319986343384, 0.36155620217323303, 0.3710044324398041, 0.36015018820762634, 0.3676047921180725, 0.35753297805786133, 0.35069653391838074, 0.35019564628601074, 0.34814968705177307, 0.3602876365184784, 0.35580599308013916, 0.35352542996406555, 0.36544069647789, 0.3411233425140381, 0.36764657497406006, 0.3565036654472351, 0.3544289469718933, 0.3399021327495575, 0.35320359468460083, 0.34363970160484314, 0.32968470454216003, 0.3331061601638794, 0.35409092903137207, 0.34349244832992554, 0.34130340814590454, 0.3413776159286499, 0.3297026455402374, 0.34404435753822327, 0.3385236859321594, 0.3278706669807434]","[0.6894409656524658, 0.7347754836082458, 0.768829882144928, 0.7788248658180237, 0.7892482280731201, 0.7991718649864197, 0.8149496912956238, 0.8186621069908142, 0.8258727788925171, 0.8315128087997437, 0.8319411873817444, 0.8323695063591003, 0.8389376997947693, 0.8347254991531372, 0.8382237553596497, 0.8440065383911133, 0.8457199931144714, 0.846862256526947, 0.8455772399902344, 0.8476476073265076, 0.8420789837837219, 0.8505747318267822, 0.8530734777450562, 0.8465766906738281, 0.8532162308692932, 0.8548582792282104, 0.8577854037284851, 0.8537160158157349, 0.858285129070282, 0.8589990735054016, 0.8583565354347229, 0.858285129070282, 0.8555722236633301, 0.8630684614181519, 0.8612122535705566, 0.8637824058532715, 0.8620689511299133, 0.8642821311950684, 0.8669236898422241, 0.8677089810371399, 0.8663525581359863, 0.86478191614151, 0.8672806620597839, 0.8664239048957825, 0.8689940571784973, 0.8707789182662964, 0.8707789182662964, 0.8711358308792114, 0.8664239048957825, 0.8691368699073792, 0.8716356158256531, 0.8662097454071045, 0.8744913339614868, 0.8655672073364258, 0.8702791333198547, 0.8695651888847351, 0.8754194378852844, 0.8713500499725342, 0.874348521232605, 0.8789176940917969, 0.8772756457328796, 0.8708502650260925, 0.8747054934501648, 0.8747768998146057, 0.8757764101028442, 0.8773470520973206, 0.8749910593032837, 0.876133382320404, 0.8797743916511536]","[2.302602176424823, 2.3025949997237967, 2.302568447740772, 2.302546452872361, 2.3025202962416635, 2.3024852426746225, 2.3024748609035828, 2.3024904788294926, 2.3024333247655555, 2.3024414943743357, 2.302413149725033, 2.3024001030982295, 2.3023718610594543, 2.302389235436162, 2.302385861360574, 2.3023308379740657, 2.3023176887367347, 2.3023209632197514, 2.3022613012337985, 2.3022565509699566, 2.3022669085973426, 2.302230880230288, 2.3022166475465027, 2.3021966777270353, 2.302168067497543, 2.302112259442293, 2.3021150721779353, 2.3020775831198392, 2.3020564212074763, 2.3020089910000183, 2.3019642980792856, 2.3019666883009897, 2.30189978623692, 2.3018610718884047, 2.3018086107471323, 2.3017406584341313, 2.3016989985598793, 2.3015937473200543, 2.301512841936908, 2.3014457980288734, 2.30138344100759, 2.3012341577795485, 2.3011116890967647, 2.3010116589220266, 2.3008659640444984, 2.3006172119816646, 2.300513137744952, 2.3002024391029456, 2.2999275424812415, 2.299608013297938, 2.2992095343674284, 2.2986932917486262, 2.2980729024621507, 2.2972696461255038, 2.2962347465225412, 2.2948599012592172, 2.292968716802476, 2.2903559238095825, 2.2864165638066547, 2.280367455904997, 2.270525621462472, 2.253738768493073, 2.2233123356782936, 2.165493026564393, 2.0665120610707923, 1.9404344272009935, 1.789286040052583, 1.6033503118949601, 1.5962724323514141]","[2.302642708239348, 2.3026362916697627, 2.3026312123174253, 2.302625853082408, 2.302620327990988, 2.30261404617973, 2.3026071631390117, 2.3025988703188687, 2.3025896134583848, 2.302578221196714, 2.3025673472363017, 2.3025557891182276, 2.3025433913521143, 2.3025302057680874, 2.30251611833987, 2.3025008906488833, 2.3024841391521953, 2.3024662370267124, 2.3024479617243228, 2.3024276650470235, 2.302406767140264, 2.3023843868919043, 2.302360254785289, 2.302334267160167, 2.3023069734158725, 2.3022786119709844, 2.302248363909514, 2.302215109700742, 2.302180818889452, 2.302144496337227, 2.3021048773889956, 2.3020619724107827, 2.302014620407768, 2.3019629250402036, 2.3019081716952114, 2.3018482249716055, 2.3017813226451045, 2.301705515902975, 2.3016195400901465, 2.3015255513398545, 2.3014210618060567, 2.3013031690017036, 2.3011677161506983, 2.3010158642478613, 2.3008437467658003, 2.3006472276604693, 2.3004195275514023, 2.3001492438109024, 2.2998286744822627, 2.2994425089462944, 2.298972751783288, 2.298393798911053, 2.297662776449452, 2.2967237804246987, 2.2954980290454365, 2.2938599379166313, 2.2915899546250054, 2.2882905110068945, 2.283305852309517, 2.275482872258062, 2.2625411800716235, 2.2399372536203135, 2.1980921911156694, 2.119707563649053, 2.0027165516563086, 1.8709618993427442, 1.691269319990407, 2.0133300294046816, 1.4508232033771018]","[0.10142127035752586, 0.10142127035752586, 0.09605825044538664, 0.09605825044538664, 0.09605825044538664, 0.09605825044538664, 0.09605825044538664, 0.09605825044538664, 0.09605825044538664, 0.09605825044538664, 0.09605825044538664, 0.09605825044538664, 0.09605825044538664, 0.09605825044538664, 0.09605825044538664, 0.09605825044538664, 0.09605825044538664, 0.09605825044538664, 0.09605825044538664, 0.09605825044538664, 0.09605825044538664, 0.09605825044538664, 0.09605825044538664, 0.09605825044538664, 0.09605825044538664, 0.09605825044538664, 0.09605825044538664, 0.09605825044538664, 0.09605825044538664, 0.09605825044538664, 0.09605825044538664, 0.09605825044538664, 0.09605825044538664, 0.09605825044538664, 0.09605825044538664, 0.09605825044538664, 0.09605825044538664, 0.09605825044538664, 0.09717846435049306, 0.10562206739964693, 0.12186515460843625, 0.1376461535692215, 0.1485962336478026, 0.15837008991967078, 0.1660435465366944, 0.17146257861800815, 0.1761674719012302, 0.17924805762975113, 0.1828747456488402, 0.1855352514463922, 0.18805572973645251, 0.19045018566691357, 0.1919764746790347, 0.19309668826020282, 0.1929006498792897, 0.19276062366755112, 0.1932647195847138, 0.19470699325851773, 0.19414688646793365, 0.19431491844032123, 0.19599523881207342, 0.19683539932188782, 0.19718546582304913, 0.19781558409981106, 0.20250647612240003, 0.22063992075298144, 0.3675138276556264, 0.1440173630481181, 0.4046488844830057]",0.029465436935424805,True,,,2,afc2b9ace87a453183b886cf24f956be,2021-01-27_22-11-48,1611785508,562.3362262248993,202913,thetagpu02,140.221.68.12,562.3362262248993,0,2,"8_adam_epsilon=0.93912,batch_size=621,dropout=0.12506,epochs=69,learning_rate=0.0093547,api_key=b24709b3f0a9bf7eae4f3a30280c90cd38d1d5f7,project=rms_fashion_exp3",0.00935468826351228,0.1250557808915181,621,0.9391240478146375,69,rms_fashion_exp3,b24709b3f0a9bf7eae4f3a30280c90cd38d1d5f7
